max_norm_theta_power  theta_power           theta_freq          max_power       max_freq stim4_norm_theta_power dataset gpyrpyr  gecca3pyr  Var10  currents           Var12
6.47910000000000	4.65420000000000e-05	4.88280000000000	4.65420000000000e-05	4.88281250000000	0.560000000000000	905	10	0.140000000000000	4	-4.41453948000000	1.42389811110000
5.60660000000000	2.55701123625352e-05	6.71386718750000	2.55701123625352e-05	6.71386718750000	0.500000000000000	903	10	0.160000000000000	3	-8.63537597660000	1.44712196660000
4.66000000000000	2.71550000000000e-05	4.27250000000000	3.28660000000000e-05	2.44140000000000	0.300000000000000	837	10	0.180000000000000	3	-3.90599882000000	1.46978802700000
6.57920000000000	0.000104380000000000	4.88280000000000	0.000104380000000000	4.88280000000000	0.340000000000000	779	10	0.200000000000000	4	-5.16649068000000	1.43188749070000
7.09290000000000	4.05650000000000e-05	3.66210000000000	4.05650000000000e-05	3.66210000000000	0.280000000000000	904	10	0.220000000000000	4	-4.41685881000000	1.43547840620000
8.33720000000000	0.000120260000000000	3.05180000000000	0.000120260000000000	3.05180000000000	0.240000000000000	808	10	0.240000000000000	3	-2.73654906000000	1.51971218160000
7.54130000000000	0.000228150000000000	3.05180000000000	0.000228150000000000	3.05180000000000	0.240000000000000	810	10	0.260000000000000	4	-3.13786076000000	1.51721182740000
6.87260000000000	6.55170000000000e-05	4.88280000000000	6.55170000000000e-05	4.88281250000000	0.560000000000000	907	20	0.140000000000000	4	-6.15428112000000	1.45557276340000
6.59330218587523	4.50010186053602e-05	6.71386718750000	4.50010186053602e-05	6.71386718750000	0.500000000000000	786	20	0.160000000000000	4	-8.07208251950000	1.46716148670000
8.59120000000000	0.000185000000000000	5.49320000000000	0.000185002777152565	5.49320000000000	0.400000000000000	787	20	0.180000000000000	4	-7.03678920000000	1.47761591350000
8.14400000000000	0.000223110000000000	4.88280000000000	0.000223110000000000	4.88280000000000	0.340000000000000	780	20	0.200000000000000	4	-5.55760296000000	1.45604364150000
9.14770000000000	0.000237300000000000	3.66210000000000	0.000237300000000000	3.66210000000000	0.280000000000000	909	20	0.220000000000000	4	-3.10106628000000	1.52703589400000
9.71090000000000	0.000223560000000000	3.05180000000000	0.000223560000000000	3.05180000000000	0.240000000000000	910	20	0.240000000000000	3	-3.75096738000000	1.48156161100000
8.27940000000000	0.000128040000000000	3.66210000000000	0.000128040000000000	3.66210000000000	0.240000000000000	911	20	0.260000000000000	3	-4.64720490000000	1.47121425910000
6.95120000000000	0.000112920000000000	4.88280000000000	0.000112920000000000	4.88280000000000	0.580000000000000	912	30	0.140000000000000	3	-5.61033720000000	1.51473068200000
8.81374002961457	0.000212735309074539	6.71386718750000	0.000212735309074539	6.71386718750000	0.480000000000000	900	30	0.160000000000000	4	-6.16320000000000	1.45859047890000
9.46740000000000	8.38950000000000e-05	5.49320000000000	8.38946406974396e-05	5.49316406250000	0.400000000000000	851	30	0.180000000000000	4	-6.47813076000000	1.51343114610000
9.05150000000000	0.000197880000000000	4.88280000000000	0.000197880000000000	4.88281250000000	0.320000000000000	847	30	0.200000000000000	4	-4.95262404000000	1.47552283630000
10.5803000000000	0.000384460000000000	3.66210000000000	0.000384460000000000	3.66210937500000	0.280000000000000	913	30	0.220000000000000	3	-4.79300000000000	1.41448827750000
10.5386000000000	0.000138180000000000	3.05180000000000	0.000138180000000000	3.05180000000000	0.220000000000000	848	30	0.240000000000000	3	-2.77866390000000	1.40962533450000
16.1829000000000	0.000705600000000000	3.05180000000000	0.000705600000000000	3.05180000000000	0.220000000000000	914	30	0.260000000000000	4	-3.54558124000000	1.50415307210000
7.22400000000000	3.16630000000000e-05	4.88280000000000	3.37590000000000e-05	2.44140625000000	0.560000000000000	926	40	0.140000000000000	4	-4.12596600000000	1.43278422740000
8.67919986095872	0.000259569508531470	6.71386718750000	0.000259569508531470	6.71386718750000	0.480000000000000	927	40	0.160000000000000	4	-6.44665527340000	1.40396945450000
10.1746000000000	0.000231790000000000	5.49320000000000	0.000231793797650701	5.49320000000000	0.380000000000000	928	40	0.180000000000000	4	-4.67855844000000	1.45289802620000
9.90870000000000	0.000294800000000000	4.88280000000000	0.000294800000000000	4.88280000000000	0.320000000000000	929	40	0.200000000000000	4	-4.27586796000000	1.49860297350000
12.2131000000000	0.000180630000000000	3.66210000000000	0.000180630000000000	3.66210937500000	0.280000000000000	930	40	0.220000000000000	3	-4.45677570000000	1.42194089520000
14.8594000000000	0.000600780000000000	3.05180000000000	0.000600780000000000	3.05180000000000	0.240000000000000	931	40	0.240000000000000	4	-3.52971188000000	1.43180591450000
17.7472000000000	0.000313350000000000	3.05180000000000	0.000313350000000000	3.05180000000000	0.220000000000000	932	40	0.260000000000000	4	-2.98771220000000	1.44389053940000
7.14260000000000	2.49900000000000e-05	4.88280000000000	2.82030000000000e-05	2.44140000000000	0.540000000000000	917	50	0.140000000000000	3	-6.23338248000000	1.52937769450000
9.31750000000000	0.000382083111646025	6.71386718750000	0.000382083111646025	6.71386718750000	0.480000000000000	901	50	0.160000000000000	4	-5.68127441410000	1.46724071920000
11.1467000000000	0.000532820000000000	5.49316406250000	0.000532820000000000	5.49316406250000	0.400000000000000	841	50	0.180000000000000	3	-5.69201660160000	1.43755852700000
10.7051000000000	0.000222080000000000	4.27250000000000	0.000222078223070471	4.27246093750000	0.300000000000000	781	50	0.200000000000000	3	-4.31223425000000	1.50399086270000
14.0785000000000	0.000825470000000000	3.66210000000000	0.000825470000000000	3.66210000000000	0.280000000000000	915	50	0.220000000000000	4	-4.35716658000000	1.52436729040000
17.8995000000000	0.000963160000000000	3.05180000000000	0.000963160000000000	3.05175781250000	0.240000000000000	902	50	0.240000000000000	4	-3.67345166000000	1.45839260730000
20.3839000000000	0.00150000000000000	3.05180000000000	0.00150000000000000	3.05180000000000	0.220000000000000	916	50	0.260000000000000	4	-2.80094204000000	1.43021406380000
7.94650000000000	4.53980000000000e-05	4.88280000000000	7.57120000000000e-05	2.44140625000000	0.560000000000000	919	60	0.140000000000000	4	-5.17674456000000	1.50363613010000
9.81170000000000	0.000340660000000000	6.10350000000000	0.000446290000000000	2.44140625000000	0.460000000000000	920	60	0.160000000000000	4	-6.34397790000000	1.51462342960000
13.1685000000000	0.000260850000000000	3.05180000000000	0.000260850000000000	3.05180000000000	0.360000000000000	921	60	0.180000000000000	4	-3.46013084000000	1.51556678850000
12.0843000000000	0.000102570000000000	4.27250000000000	0.000102570000000000	4.27250000000000	0.300000000000000	922	60	0.200000000000000	4	-4.97062650000000	1.52585032060000
16.9899000000000	0.000200020000000000	3.66210000000000	0.000200020000000000	3.66210000000000	0.260000000000000	923	60	0.220000000000000	4	-4.33848987000000	1.50655965010000
7.15260000000000	6.50670000000000e-05	6.71390000000000	0.000109010000000000	2.44140625000000	0.200000000000000	924	60	0.240000000000000	4	-6.44332983000000	1.43378691870000
10.0607000000000	0.000115170000000000	6.10350000000000	0.000139520000000000	2.44140625000000	0.180000000000000	925	60	0.260000000000000	3	-7.01597325000000	1.48704988540000
9.74320000000000	0.000103730000000000	4.27250000000000	0.000111930000000000	2.44140625000000	0.520000000000000	918	70	0.140000000000000	4	-4.86167775000000	1.45877126320000
12.0304000000000	4.78680000000000e-05	3.66210000000000	4.78680000000000e-05	3.66210000000000	0.420000000000000	783	70	0.160000000000000	3	-3.31932744000000	1.45812575870000
12.2831000000000	5.16670000000000e-05	3.05180000000000	0.000704580000000000	3.05180000000000	0.340000000000000	784	70	0.180000000000000	4	-2.70358962000000	1.47548579810000
6.22560000000000	1.18470000000000e-05	3.66210000000000	1.18470000000000e-05	3.66210000000000	0.260000000000000	725	70	0.200000000000000	3	-3.89720682000000	1.42831643870000
6.62940000000000	3.49490000000000e-05	8.54490000000000	8.37480000000000e-05	2.44140000000000	0.240000000000000	933	70	0.220000000000000	4	-10.9468713900000	1.40137779990000
7.34220000000000	0.000405430000000000	3.66210000000000	0.000405430000000000	3.66210000000000	0.220000000000000	854	70	0.240000000000000	3	-3.62547900000000	1.46043503160000
10.8254000000000	0.000621020000000000	3.05180000000000	0.000621020000000000	3.05180000000000	0.220000000000000	798	70	0.260000000000000	3	-3.37254418000000	1.49425873280000
